
[august-penguin.png]
filters=finetune2=1,0.000000,-0.000000,0.145098,00000000,0.000000;enhance=1;autocolor=1;autolight=1;autocolor=1;autolight=1;enhance=1;
moddate=80c546394c34cc01
width=489
height=348
